0.000000000000000000e+00 2.545456596303167195e-03 2.545456596303167195e-03 2.545456596303167195e-03 2.545456596303167195e-03 2.545456596303167195e-03 2.545456596303167195e-03 2.545456596303167195e-03 2.545456596303167195e-03 2.545456596303167195e-03 2.545456596303167195e-03 2.545456596303167195e-03 2.545456596303167195e-03 2.545456596303167195e-03 2.545456596303167195e-03 2.545456596303167195e-03 2.545456596303167195e-03
2.000000000000000111e-01 2.487136195473124006e-02 1.822479174043719480e-02 2.458226687140456154e-02 1.776701497693504092e-02 2.374920263275207347e-02 1.693813680692782264e-02 2.373096636319708616e-02 1.644025033945557476e-02 2.005593421420560907e-02 1.491272067028951223e-02 2.016974107906749011e-02 1.477508200925459897e-02 1.893628675192495642e-02 1.378141524433900041e-02 1.865513573825784005e-02 1.336693669998760374e-02
4.000000000000000222e-01 4.442441695343378461e-02 3.287551367370153410e-02 4.397302197779129340e-02 3.231460936555863306e-02 4.351898802533936406e-02 3.086379108020675596e-02 4.329809492195207249e-02 3.020590226156150832e-02 3.610661684779023495e-02 2.725980869270173620e-02 3.560698225977035336e-02 2.668605699832033579e-02 3.478975277950941553e-02 2.534915135709949613e-02 3.419717772296831243e-02 2.501773292440565011e-02
6.000000000000000888e-01 6.340932391910426846e-02 4.676779240329440729e-02 6.266925723044990126e-02 4.649962726075913821e-02 6.333881349507482217e-02 4.542128720498830874e-02 6.207478251848563833e-02 4.435363235593433456e-02 5.174435785179781755e-02 3.893941921502720033e-02 5.100299548105889647e-02 3.904553766249388436e-02 5.133748299558674871e-02 3.730793608388225518e-02 5.066649495288145372e-02 3.733424405627704112e-02
8.000000000000000444e-01 7.853993485672097763e-02 5.816156954298853932e-02 7.847529770902098023e-02 5.727262368018402189e-02 8.008117299871139738e-02 5.766183441817861188e-02 7.891118372522780422e-02 5.617243323948444000e-02 6.476560736956565867e-02 4.917908193324703470e-02 6.408720545497866017e-02 4.904505364489709918e-02 6.575689295339456897e-02 4.852196965577082466e-02 6.468760433691848888e-02 4.812998834102354823e-02
1.000000000000000000e+00 9.344872281765741195e-02 6.652600362581329030e-02 9.224125944449410031e-02 6.585351392973584628e-02 9.464410367229879328e-02 6.755690687448795417e-02 9.270074507807925246e-02 6.569686493666250515e-02 7.599817503710627753e-02 5.742571183167045207e-02 7.546610580026577586e-02 5.756769409678370863e-02 7.968988199319092247e-02 5.782229371355843833e-02 7.788035847205605766e-02 5.745776883666049717e-02
1.200000000000000178e+00 1.052074700435006865e-01 7.421605512877003930e-02 1.029955829434202469e-01 7.387685316064743213e-02 1.082450749451556588e-01 7.590792941034618657e-02 1.036608814296421516e-01 7.372818880374527872e-02 8.693034242877963058e-02 6.445964190411396233e-02 8.649826345688804707e-02 6.440967231873988286e-02 9.055052817951228517e-02 6.548952648579522973e-02 8.764672090987106479e-02 6.487358961325602469e-02
1.400000000000000133e+00 1.164253195154097281e-01 8.054141853360274883e-02 1.124127315382007497e-01 8.033124090044664600e-02 1.192857351158721352e-01 8.234988149141493630e-02 1.142746294007627866e-01 8.178733052014437732e-02 9.562736583457050188e-02 6.976839294820229298e-02 9.605763934088805411e-02 7.005310662688277179e-02 9.941462296294224787e-02 7.228380033497439072e-02 9.831955960079680201e-02 7.185170641365730415e-02
1.600000000000000089e+00 1.222287468772830510e-01 8.531542934498732855e-02 1.189242395412628134e-01 8.472951485505762770e-02 1.284578087249424183e-01 8.805391728545276797e-02 1.243026520322971784e-01 8.673177374882599933e-02 1.037755295822837542e-01 7.473672295848551861e-02 1.024734135470623253e-01 7.490012503802057076e-02 1.075636817225704006e-01 7.713470720472424824e-02 1.066255456439054033e-01 7.685013759293840563e-02
1.800000000000000044e+00 1.263100864993730033e-01 8.977724057467041663e-02 1.232873674401722269e-01 8.932202247992020172e-02 1.335508897423744457e-01 9.199524132150646571e-02 1.290482839638099344e-01 9.091349070246676489e-02 1.089950076004796847e-01 7.791314024382299530e-02 1.088607261141007060e-01 7.828564622743165724e-02 1.131243586322428357e-01 8.122499118448377187e-02 1.130001938522014054e-01 8.081145092066384372e-02
2.000000000000000000e+00 1.287069978186404506e-01 9.255882187199436506e-02 1.283031142831494720e-01 9.265913265764173790e-02 1.396751680992645850e-01 9.532419545822962137e-02 1.331317648830479539e-01 9.454052811151063274e-02 1.136915606323380956e-01 8.110504479543430290e-02 1.136732405694551445e-01 8.104650432544678595e-02 1.194374499858399247e-01 8.469200757335877683e-02 1.183802048196528622e-01 8.439655167248501233e-02
2.200000000000000178e+00 1.322708353726050612e-01 9.453915892922559738e-02 1.317179223890328488e-01 9.467111497175191570e-02 1.422547675487530749e-01 9.812609999675228623e-02 1.379041156862506889e-01 9.745287510481966120e-02 1.156187020491162704e-01 8.296419517634888441e-02 1.170326894150802155e-01 8.341663481951003267e-02 1.238337060647753812e-01 8.667084402663660647e-02 1.232193563135432907e-01 8.644089290358066002e-02
2.400000000000000355e+00 1.347039235179038341e-01 9.551954006094133531e-02 1.345877758778405986e-01 9.611715091530192989e-02 1.443998687560324179e-01 9.998373707835024604e-02 1.400805049470698338e-01 9.917168955383677542e-02 1.180769630738185694e-01 8.450941612454630769e-02 1.203805438308863662e-01 8.486348784505794163e-02 1.284286971772112540e-01 8.889551435397285983e-02 1.260425556918455536e-01 8.892894909802215309e-02
2.600000000000000089e+00 1.357605145799689050e-01 9.711818248937041653e-02 1.361966761687561644e-01 9.732722033082437385e-02 1.470012084724019452e-01 1.015840955427364800e-01 1.441368335798709210e-01 1.010438889663000939e-01 1.201129052244673534e-01 8.630839541642187918e-02 1.219261304598372175e-01 8.614788676248560928e-02 1.300800698888950890e-01 9.132434216794901860e-02 1.288679185277795958e-01 9.104801091825397152e-02
2.800000000000000266e+00 1.363788969046415001e-01 9.814204221932537608e-02 1.378749545290595124e-01 9.884723839451359240e-02 1.497039066273267161e-01 1.031397891410252704e-01 1.465334109251534289e-01 1.020029138917474543e-01 1.227906243331940012e-01 8.739311659874945959e-02 1.247146839316421590e-01 8.807585603941295305e-02 1.338620387851572613e-01 9.258626458530605507e-02 1.330980022287923115e-01 9.236086477393187777e-02
3.000000000000000000e+00 1.365977053318189194e-01 9.846592350605230803e-02 1.400124348639197880e-01 9.965718297297998518e-02 1.511378515426829994e-01 1.039301965675211853e-01 1.490330164644984579e-01 1.036557480582661478e-01 1.244147208763559526e-01 8.880746586249281538e-02 1.269613544309595443e-01 8.938189347437666687e-02 1.355896027392433090e-01 9.347261163847206400e-02 1.348138644938496333e-01 9.361583296272148191e-02
3.200000000000000178e+00 1.402475626596999814e-01 9.963242384677029051e-02 1.406895116518630251e-01 1.009356763844994620e-01 1.536954937064395066e-01 1.043506633342461964e-01 1.499008206159495316e-01 1.041004282916535711e-01 1.241060514919928026e-01 8.986450980291675605e-02 1.274535298754190804e-01 9.038867232199164492e-02 1.363305695805310525e-01 9.452004868024825590e-02 1.369260607155158294e-01 9.480232021663285991e-02
3.400000000000000355e+00 1.400782461492556530e-01 1.003538041793704538e-01 1.424740790457969253e-01 1.013983166805134672e-01 1.549543539691673188e-01 1.046044999104274592e-01 1.504919531223929130e-01 1.052005298848802672e-01 1.253457000378793429e-01 9.016831039409707593e-02 1.288606178141799841e-01 9.119144904075365821e-02 1.366653105543239599e-01 9.574027112294089537e-02 1.381423543796915510e-01 9.593294586091882792e-02
3.600000000000000089e+00 1.396063689712676026e-01 1.007109081790360794e-01 1.426383897093899678e-01 1.016383552110584620e-01 1.550071403012646398e-01 1.055406198293227515e-01 1.532887179030704150e-01 1.057486351071662278e-01 1.251143091294499576e-01 9.033174795649928646e-02 1.297348220929716855e-01 9.127234133854174314e-02 1.384465330834642460e-01 9.635830784589208275e-02 1.380679128657243682e-01 9.679774359378016946e-02
3.800000000000000266e+00 1.402912041126463394e-01 1.012886057246249610e-01 1.437913637431353919e-01 1.025072993057185022e-01 1.576311160612115791e-01 1.062183295760345397e-01 1.545325100443945554e-01 1.066754253568837491e-01 1.261175821529068319e-01 9.060086584713930580e-02 1.304427362742500984e-01 9.196299583044817427e-02 1.400699885513143617e-01 9.732374811523561431e-02 1.399802628884438960e-01 9.795420859655505630e-02
4.000000000000000000e+00 1.411563238619076566e-01 1.011649277964339344e-01 1.444729932238403847e-01 1.024045409387732558e-01 1.575402748021078325e-01 1.063968096540584829e-01 1.538589574864899501e-01 1.070448279521561546e-01 1.274723600140126034e-01 9.092960253829472650e-02 1.306515122408631047e-01 9.217976406114888888e-02 1.409385363280108161e-01 9.849954012067189957e-02 1.414433301244195085e-01 9.874874780595056800e-02
4.200000000000000178e+00 1.405617442081114610e-01 1.005847103087234018e-01 1.449144376129320178e-01 1.023531157583311563e-01 1.568711999304335247e-01 1.071195579894433647e-01 1.560262386793443146e-01 1.071494653172322120e-01 1.274831205720471095e-01 9.103119902010138598e-02 1.316027585411555512e-01 9.214692405135158082e-02 1.417969336316549367e-01 9.829394024570714539e-02 1.423971206528275024e-01 9.885754132636524749e-02
4.400000000000000355e+00 1.401187210364927271e-01 1.012000028849407984e-01 1.437315652285011403e-01 1.019443668795073921e-01 1.562062951073334149e-01 1.066620922844812858e-01 1.555830138212822567e-01 1.071981665117861249e-01 1.283795054360360732e-01 9.107056062092587501e-02 1.329725945683228328e-01 9.243385376855157987e-02 1.421426645436981440e-01 9.890950189704957041e-02 1.432952278091965681e-01 9.970647154572309656e-02
4.600000000000000533e+00 1.393797109909261089e-01 1.012321733808775465e-01 1.457912736416914767e-01 1.023690998647415612e-01 1.549643101074977269e-01 1.060461267529206608e-01 1.547863624187424680e-01 1.072822617837361076e-01 1.298071228669433197e-01 9.179157377366260750e-02 1.317108283023047388e-01 9.250883929007210071e-02 1.424981881347743284e-01 9.914996250186945692e-02 1.437377485221063567e-01 9.987548360876873088e-02
4.800000000000000711e+00 1.399881971360917854e-01 1.011340422588999921e-01 1.467386338544672264e-01 1.026322877566151898e-01 1.536793200609471166e-01 1.061983796666002844e-01 1.557793169734585093e-01 1.069769373277312113e-01 1.300497826398633039e-01 9.214010418334876718e-02 1.326117842831356641e-01 9.317114767939352338e-02 1.429433479042432342e-01 9.895934013978452404e-02 1.450240881195291875e-01 1.003013471921785082e-01
5.000000000000000000e+00 1.398203723537883303e-01 1.017550826828715616e-01 1.459706867423484211e-01 1.033867345944518429e-01 1.538152111696872715e-01 1.059656954320405825e-01 1.539477638187788100e-01 1.071628674001787185e-01 1.299960556974380788e-01 9.303626734467024262e-02 1.335181738454627454e-01 9.376508382694609400e-02 1.426189759428753978e-01 9.905545218933266283e-02 1.457955146802234758e-01 1.000707473726847874e-01
5.200000000000000178e+00 1.403017990669616355e-01 1.011783892474004826e-01 1.457802108054127022e-01 1.037713639550483929e-01 1.525627262376365867e-01 1.056488071847525440e-01 1.537950302163791916e-01 1.069136102152278278e-01 1.303365221166418175e-01 9.273960313920971699e-02 1.338222073117203981e-01 9.403569881390408391e-02 1.438057558245154632e-01 9.895091568492118961e-02 1.453391965015413956e-01 1.001106861354430916e-01
5.400000000000000355e+00 1.407988797613659582e-01 1.012676077589213797e-01 1.465218166844474978e-01 1.032912568853040225e-01 1.532266236005834503e-01 1.059593447632195540e-01 1.533859278350317434e-01 1.070313845850771328e-01 1.301886677947216853e-01 9.311084651559134451e-02 1.336538111466137879e-01 9.379197362825787698e-02 1.429102912751372134e-01 9.954607377158818105e-02 1.461027808419244067e-01 1.003766259403270494e-01
5.600000000000000533e+00 1.396884481329928041e-01 1.005816766079797309e-01 1.465154362498860829e-01 1.031147317412599435e-01 1.530130393419419921e-01 1.054349283731085551e-01 1.536306395840306982e-01 1.068005634733844161e-01 1.295289525495097738e-01 9.315827953316747900e-02 1.335677027856121690e-01 9.393391112018473210e-02 1.429511956625395264e-01 9.909124238451444411e-02 1.465234072914373964e-01 1.003555153450219201e-01
5.800000000000000711e+00 1.384136224836046980e-01 1.014059710098964839e-01 1.456593948506591241e-01 1.030338798092541863e-01 1.532798632716629028e-01 1.061744648654095041e-01 1.553206036702076132e-01 1.069929993381390776e-01 1.299847572850814925e-01 9.313653380347139410e-02 1.337596924599361303e-01 9.373322402841237355e-02 1.440171006732604564e-01 9.952393226838630869e-02 1.464430238870792489e-01 1.004909967875113330e-01
6.000000000000000000e+00 1.390443240510938483e-01 1.013893454601243610e-01 1.455687888270159880e-01 1.033032963053696907e-01 1.547313942212913962e-01 1.059550451020032230e-01 1.560551614519949948e-01 1.072865189557007659e-01 1.287643332299598931e-01 9.289805214933796740e-02 1.339312554780089370e-01 9.389957137698007328e-02 1.440024524307029763e-01 9.939139655842209320e-02 1.460640767227342207e-01 1.006408430848364510e-01
