  -5.156  -999.0   -9.99  -999.0
  -4.865  -999.0   -9.99  -999.0
  -3.507  -999.0   -9.99  -999.0
  -3.491  -999.0   -9.99  -999.0
  -2.795  -999.0   -9.99  -999.0
  -5.916  -999.0   -9.99  -999.0
  -4.704  -999.0   -9.99  -999.0
  -3.562  -999.0   -9.99  -999.0
  -6.501  -999.0   -9.99  -999.0
  -9.327  -999.0   -9.99  -999.0
  -9.483  -999.0   -9.99  -999.0
  -4.181  -999.0   -9.99  -999.0
  -3.492  -999.0   -9.99  -999.0
   0.164 348.517   -9.99  -999.0
   0.178 337.496   -9.99  -999.0
   0.191 333.233   -9.99  -999.0
    0.32 324.704   -9.99  -999.0
   0.172 336.396   -9.99  -999.0
   0.093 350.838   -9.99  -999.0
   0.134 369.258   -9.99  -999.0
   0.128  366.65   -9.99  -999.0
   0.177 368.746   -9.99  -999.0
   0.182 365.413   -9.99  -999.0
   0.189 358.925   -9.99  -999.0
   0.171  365.45   -9.99  -999.0
    0.08 344.283   -9.99  -999.0
   0.177 343.404   -9.99  -999.0
   0.171 360.913   -9.99  -999.0
   0.136 345.013   -9.99  -999.0
   0.128 341.621   -9.99  -999.0
   0.159   347.4   -9.99  -999.0
   0.101 350.283   -9.99  -999.0
    0.15 352.562   -9.99  -999.0
   0.129 358.317   -9.99  -999.0
    0.14 356.925   -9.99  -999.0
   0.062 351.858   -9.99  -999.0
    0.06 330.238   -9.99  -999.0
   0.609 312.275   -9.99  -999.0
   0.644 293.858   0.078     6.0
   0.688 285.608   -9.99  -999.0
   0.636 296.246   -9.99  -999.0
    0.65 298.629   -9.99  -999.0
   0.517 307.933   -9.99  -999.0
  -999.0 305.638   -9.99  -999.0
   0.809 292.921   -9.99  -999.0
   0.704 267.438   -9.99  -999.0
   0.707 281.079   -9.99  -999.0
   0.685   307.5   -9.99  -999.0
   0.707 311.421   -9.99  -999.0
   0.789 305.858   -9.99  -999.0
   0.813 292.988   -9.99  -999.0
  -999.0 301.688   -9.99  -999.0
   0.722 322.408    0.16    34.0
   0.582 321.792   -9.99  -999.0
   0.495 315.463   -9.99  -999.0
   0.461 306.433   -9.99  -999.0
   0.456 311.004   -9.99  -999.0
   0.411 314.754   -9.99  -999.0
   0.379 310.458   -9.99  -999.0
   0.312 317.133     0.0     0.0
    0.27 311.721   -9.99  -999.0
   0.345 303.133   -9.99  -999.0
   0.292 314.492   -9.99  -999.0
   0.212  313.95   -9.99  -999.0
   0.253 305.217   -9.99  -999.0
   0.177 304.938   -9.99  -999.0
   0.232 302.321     0.0     0.0
   0.208 319.471   -9.99  -999.0
   0.194 316.775   -9.99  -999.0
   0.191 326.704   -9.99  -999.0
   0.196 317.692   -9.99  -999.0
   0.199 313.246   -9.99  -999.0
   0.199 311.908   -9.99  -999.0
     0.2 309.646     0.0     0.0
   0.203 306.988   -9.99  -999.0
   0.157 308.875   -9.99  -999.0
   0.181 311.942   -9.99  -999.0
   0.714 317.204   -9.99  -999.0
  -999.0 294.029   -9.99  -999.0
  -999.0 311.946   -9.99  -999.0
   0.764 276.117   0.268    41.0
   0.643 263.846   -9.99  -999.0
   0.658 272.792   -9.99  -999.0
    0.72   317.3   -9.99  -999.0
   0.702   311.7   -9.99  -999.0
   0.579 302.175   -9.99  -999.0
  -999.0 304.238   -9.99  -999.0
  -999.0 303.092   0.302    56.0
  -999.0 300.529   -9.99  -999.0
   0.817 287.229   -9.99  -999.0
    0.68  264.85   -9.99  -999.0
   0.712   292.6   -9.99  -999.0
   0.715 318.238   -9.99  -999.0
  -999.0 315.725   -9.99  -999.0
   0.773 295.979   0.428    87.0
   0.714  284.35   -9.99  -999.0
   0.696   297.1   -9.99  -999.0
  -999.0 317.125   -9.99  -999.0
   0.679 304.371   -9.99  -999.0
   0.656 311.508   -9.99  -999.0
   0.699   315.6   -9.99  -999.0
   0.643 305.292   0.325    88.0
   0.651 292.242   -9.99  -999.0
   0.656 305.904   0.344    98.0
   0.782 306.908   -9.99  -999.0
   0.644 275.683   -9.99  -999.0
   0.702 282.425   -9.99  -999.0
   0.692 289.721   -9.99  -999.0
   0.683 288.317   0.309    91.0
   0.725 302.954   -9.99  -999.0
   0.828 294.975   -9.99  -999.0
    0.78 314.546   -9.99  -999.0
  -999.0 315.238   -9.99  -999.0
  -999.0   282.1   -9.99  -999.0
  -999.0 284.858   -9.99  -999.0
  -999.0 281.596    0.93   171.0
  -999.0 273.542   -9.99  -999.0
  -999.0 260.888   -9.99  -999.0
  -999.0 246.833   -9.99  -999.0
    0.73 255.692   -9.99  -999.0
   0.677  240.55   -9.99  -999.0
   0.716 241.475   -9.99  -999.0
   0.805 287.633   0.853   195.0
   0.834 299.071   -9.99  -999.0
  -999.0 289.771   -9.99  -999.0
  -999.0 290.021   -9.99  -999.0
   0.753 269.454   -9.99  -999.0
   0.731 279.971   -9.99  -999.0
   0.769 293.429   -9.99  -999.0
   0.744 279.846   0.848   220.0
    0.74 284.242   -9.99  -999.0
    0.73 287.867    0.84   219.0
   0.713 300.488   -9.99  -999.0
   0.798 320.158   -9.99  -999.0
   0.735 323.342   -9.99  -999.0
   0.842 303.204   -9.99  -999.0
  -999.0  290.35   1.057   302.0
  -999.0  285.75   -9.99  -999.0
  -999.0 280.946   -9.99  -999.0
   0.777 274.367   -9.99  -999.0
   0.776 271.088   -9.99  -999.0
   0.815 289.179   -9.99  -999.0
  -999.0 286.658   -9.99  -999.0
  -999.0 282.358   1.275   290.0
  -999.0 270.317   -9.99  -999.0
  -999.0 276.083   -9.99  -999.0
   0.737 264.058   -9.99  -999.0
   0.732 267.188   -9.99  -999.0
   0.715 267.171   -9.99  -999.0
  -999.0 270.838   -9.99  -999.0
  -999.0 234.008   1.173   297.0
   0.743 243.521   -9.99  -999.0
   0.736 257.683   -9.99  -999.0
   0.774 273.088   -9.99  -999.0
   0.753 274.133   -9.99  -999.0
  -999.0 286.042   -9.99  -999.0
  -999.0 278.346   -9.99  -999.0
  -999.0 264.325   1.157   318.0
  -999.0 295.162   -9.99  -999.0
   0.829 299.454   1.209   323.0
   0.733 282.608   -9.99  -999.0
    0.72 291.046   -9.99  -999.0
   0.741 302.783   -9.99  -999.0
   0.788 285.308   -9.99  -999.0
   0.694 300.662   1.214   352.0
   0.674 315.504   -9.99  -999.0
   0.626 316.696   -9.99  -999.0
   0.642 322.675   -9.99  -999.0
   0.614 325.117   -9.99  -999.0
   0.615 329.079   -9.99  -999.0
   0.596 325.125   -9.99  -999.0
   0.598 325.108   0.647   273.0
   0.605 326.625   -9.99  -999.0
   0.589 327.525   -9.99  -999.0
   0.564 327.271   -9.99  -999.0
     0.6 324.321   -9.99  -999.0
   0.564 327.325   -9.99  -999.0
   0.591 324.267   -9.99  -999.0
   0.529 326.442   0.335   136.0
   0.543 326.533   -9.99  -999.0
   0.582 323.729   -9.99  -999.0
   0.534 322.821   -9.99  -999.0
   0.506 317.442   -9.99  -999.0
   0.455 321.029   -9.99  -999.0
   0.385 322.579   -9.99  -999.0
   0.306 329.867   0.063    22.0
   0.231   337.7   -9.99  -999.0
   0.199 357.654     0.0     0.0
   0.126 346.963   -9.99  -999.0
   0.118 330.921   -9.99  -999.0
  -999.0 310.392   -9.99  -999.0
   0.807 304.533   -9.99  -999.0
   0.724 308.408    0.35    45.0
   0.659 317.162   -9.99  -999.0
   0.662 322.079   -9.99  -999.0
   0.616 321.675   -9.99  -999.0
   0.253 346.271   -9.99  -999.0
   0.129  346.75   -9.99  -999.0
   0.245 331.504   -9.99  -999.0
   0.079 336.971   -9.99  -999.0
     0.1 337.121   -9.99  -999.0
   0.794 320.188   -9.99  -999.0
   0.603 319.267   -9.99  -999.0
   0.225 338.354   -9.99  -999.0
   0.133 353.558   -9.99  -999.0
   0.139 362.533   -9.99  -999.0
   0.097   341.4   -9.99  -999.0
   0.153 365.563   -9.99  -999.0
   0.105 349.737   -9.99  -999.0
   0.142 374.175   -9.99  -999.0
   0.166 389.079   -9.99  -999.0
   0.168   397.3   -9.99  -999.0
   0.166 404.542   -9.99  -999.0
   0.156 400.213   -9.99  -999.0
   0.115 370.879   -9.99  -999.0
   0.143 360.133   -9.99  -999.0
   0.132 349.392   -9.99  -999.0
   0.122 340.729   -9.99  -999.0
   0.139 341.296   -9.99  -999.0
   0.237 342.075   -9.99  -999.0
   0.139 337.188   -9.99  -999.0
   0.112  335.55   -9.99  -999.0
   0.171 349.663   -9.99  -999.0
   0.173 363.217   -9.99  -999.0
   0.169   375.7   -9.99  -999.0
   0.155 363.488   -9.99  -999.0
   0.161 368.383   -9.99  -999.0
   0.125 348.421   -9.99  -999.0
   0.156 358.321   -9.99  -999.0
    0.09 344.283   -9.99  -999.0
   0.168 363.025   -9.99  -999.0
   0.169 387.379   -9.99  -999.0
   0.158  384.55   -9.99  -999.0
    0.17 374.788   -9.99  -999.0
   0.154 352.833   -9.99  -999.0
   0.181 372.467   -9.99  -999.0
   0.177 388.633   -9.99  -999.0
   0.178 404.725   -9.99  -999.0
   0.176 409.329   -9.99  -999.0
   0.181 412.958   -9.99  -999.0
   0.181 412.212   -9.99  -999.0
   0.156  379.95   -9.99  -999.0
   0.181 370.913   -9.99  -999.0
