-9.990000000000000000e+02
-9.990000000000000000e+02
-9.990000000000000000e+02
-9.990000000000000000e+02
-9.990000000000000000e+02
-9.990000000000000000e+02
-9.990000000000000000e+02
-9.990000000000000000e+02
-9.990000000000000000e+02
-9.990000000000000000e+02
-9.990000000000000000e+02
-9.990000000000000000e+02
-9.990000000000000000e+02
-9.990000000000000000e+02
-9.990000000000000000e+02
-9.990000000000000000e+02
-9.990000000000000000e+02
-9.990000000000000000e+02
-9.990000000000000000e+02
-9.990000000000000000e+02
-9.990000000000000000e+02
-9.990000000000000000e+02
-9.990000000000000000e+02
-9.990000000000000000e+02
-9.990000000000000000e+02
-9.990000000000000000e+02
-9.990000000000000000e+02
-9.990000000000000000e+02
-9.990000000000000000e+02
-9.990000000000000000e+02
-9.990000000000000000e+02
-9.990000000000000000e+02
-9.990000000000000000e+02
-9.990000000000000000e+02
-9.990000000000000000e+02
-9.990000000000000000e+02
-9.990000000000000000e+02
-9.990000000000000000e+02
-9.990000000000000000e+02
-9.990000000000000000e+02
-9.990000000000000000e+02
-9.990000000000000000e+02
-9.990000000000000000e+02
-9.990000000000000000e+02
-9.990000000000000000e+02
-9.990000000000000000e+02
-9.990000000000000000e+02
-9.990000000000000000e+02
-9.990000000000000000e+02
-9.990000000000000000e+02
-9.990000000000000000e+02
-9.990000000000000000e+02
-9.990000000000000000e+02
-9.990000000000000000e+02
-9.990000000000000000e+02
-9.990000000000000000e+02
-9.990000000000000000e+02
-9.990000000000000000e+02
-9.990000000000000000e+02
-9.990000000000000000e+02
-9.990000000000000000e+02
-9.990000000000000000e+02
-9.990000000000000000e+02
-9.990000000000000000e+02
-9.990000000000000000e+02
7.000000000000000000e+00
-9.990000000000000000e+02
-9.990000000000000000e+02
-9.990000000000000000e+02
-9.990000000000000000e+02
-9.990000000000000000e+02
-9.990000000000000000e+02
-9.990000000000000000e+02
-9.990000000000000000e+02
-9.990000000000000000e+02
-9.990000000000000000e+02
-9.990000000000000000e+02
-9.990000000000000000e+02
2.000000000000000000e+00
-9.990000000000000000e+02
-9.990000000000000000e+02
-9.990000000000000000e+02
-9.990000000000000000e+02
-9.990000000000000000e+02
-9.990000000000000000e+02
-9.990000000000000000e+02
-9.990000000000000000e+02
-9.990000000000000000e+02
-9.990000000000000000e+02
-9.990000000000000000e+02
-9.990000000000000000e+02
-9.990000000000000000e+02
-9.990000000000000000e+02
-9.990000000000000000e+02
-9.990000000000000000e+02
-9.990000000000000000e+02
-9.990000000000000000e+02
-9.990000000000000000e+02
-9.990000000000000000e+02
-9.990000000000000000e+02
3.000000000000000000e+00
-9.990000000000000000e+02
-9.990000000000000000e+02
-9.990000000000000000e+02
-9.990000000000000000e+02
-9.990000000000000000e+02
5.000000000000000000e+00
-9.990000000000000000e+02
-9.990000000000000000e+02
-9.990000000000000000e+02
-9.990000000000000000e+02
-9.990000000000000000e+02
-9.990000000000000000e+02
-9.990000000000000000e+02
1.000000000000000000e+01
-9.990000000000000000e+02
-9.990000000000000000e+02
-9.990000000000000000e+02
-9.990000000000000000e+02
-9.990000000000000000e+02
-9.990000000000000000e+02
4.100000000000000000e+01
-9.990000000000000000e+02
-9.990000000000000000e+02
-9.990000000000000000e+02
-9.990000000000000000e+02
-9.990000000000000000e+02
-9.990000000000000000e+02
1.600000000000000000e+02
-9.990000000000000000e+02
-9.990000000000000000e+02
-9.990000000000000000e+02
-9.990000000000000000e+02
-9.990000000000000000e+02
1.510000000000000000e+02
1.590000000000000000e+02
-9.990000000000000000e+02
-9.990000000000000000e+02
-9.990000000000000000e+02
-9.990000000000000000e+02
-9.990000000000000000e+02
-9.990000000000000000e+02
1.440000000000000000e+02
-9.990000000000000000e+02
-9.990000000000000000e+02
-9.990000000000000000e+02
-9.990000000000000000e+02
-9.990000000000000000e+02
-9.990000000000000000e+02
1.490000000000000000e+02
-9.990000000000000000e+02
-9.990000000000000000e+02
-9.990000000000000000e+02
-9.990000000000000000e+02
-9.990000000000000000e+02
-9.990000000000000000e+02
1.420000000000000000e+02
-9.990000000000000000e+02
-9.990000000000000000e+02
-9.990000000000000000e+02
-9.990000000000000000e+02
-9.990000000000000000e+02
1.310000000000000000e+02
-9.990000000000000000e+02
-9.990000000000000000e+02
-9.990000000000000000e+02
-9.990000000000000000e+02
-9.990000000000000000e+02
-9.990000000000000000e+02
-9.990000000000000000e+02
1.110000000000000000e+02
-9.990000000000000000e+02
-9.990000000000000000e+02
-9.990000000000000000e+02
-9.990000000000000000e+02
-9.990000000000000000e+02
-9.990000000000000000e+02
6.100000000000000000e+01
-9.990000000000000000e+02
-9.990000000000000000e+02
-9.990000000000000000e+02
-9.990000000000000000e+02
-9.990000000000000000e+02
-9.990000000000000000e+02
-9.990000000000000000e+02
-9.990000000000000000e+02
-9.990000000000000000e+02
-9.990000000000000000e+02
-9.990000000000000000e+02
-9.990000000000000000e+02
2.100000000000000000e+01
-9.990000000000000000e+02
-9.990000000000000000e+02
-9.990000000000000000e+02
-9.990000000000000000e+02
-9.990000000000000000e+02
-9.990000000000000000e+02
0.000000000000000000e+00
-9.990000000000000000e+02
-9.990000000000000000e+02
-9.990000000000000000e+02
-9.990000000000000000e+02
-9.990000000000000000e+02
-9.990000000000000000e+02
-9.990000000000000000e+02
-9.990000000000000000e+02
-9.990000000000000000e+02
-9.990000000000000000e+02
-9.990000000000000000e+02
-9.990000000000000000e+02
-9.990000000000000000e+02
-9.990000000000000000e+02
-9.990000000000000000e+02
-9.990000000000000000e+02
-9.990000000000000000e+02
-9.990000000000000000e+02
-9.990000000000000000e+02
-9.990000000000000000e+02
-9.990000000000000000e+02
-9.990000000000000000e+02
-9.990000000000000000e+02
-9.990000000000000000e+02
-9.990000000000000000e+02
-9.990000000000000000e+02
-9.990000000000000000e+02
-9.990000000000000000e+02
-9.990000000000000000e+02
-9.990000000000000000e+02
-9.990000000000000000e+02
-9.990000000000000000e+02
-9.990000000000000000e+02
-9.990000000000000000e+02
-9.990000000000000000e+02
-9.990000000000000000e+02
-9.990000000000000000e+02
-9.990000000000000000e+02
-9.990000000000000000e+02
-9.990000000000000000e+02
-9.990000000000000000e+02
-9.990000000000000000e+02
-9.990000000000000000e+02
-9.990000000000000000e+02
-9.990000000000000000e+02
-9.990000000000000000e+02
-9.990000000000000000e+02
-9.990000000000000000e+02
-9.990000000000000000e+02
-9.990000000000000000e+02
-9.990000000000000000e+02
-9.990000000000000000e+02
-9.990000000000000000e+02
-9.990000000000000000e+02
-9.990000000000000000e+02
-9.990000000000000000e+02
-9.990000000000000000e+02
-9.990000000000000000e+02
-9.990000000000000000e+02
-9.990000000000000000e+02
-9.990000000000000000e+02
-9.990000000000000000e+02
-9.990000000000000000e+02
-9.990000000000000000e+02
-9.990000000000000000e+02
-9.990000000000000000e+02
-9.990000000000000000e+02
-9.990000000000000000e+02
-9.990000000000000000e+02
-9.990000000000000000e+02
-9.990000000000000000e+02
-9.990000000000000000e+02
-9.990000000000000000e+02
-9.990000000000000000e+02
-9.990000000000000000e+02
